1 2.0978253265472704 6.158097915947885
2 32.14902446683487 8.160208548087528
3 46.66451570205207 14.145441283504157
4 4.042054104510812 5.779782176034209
5 12.858878881178587 42.10869633979154
6 34.71604463498478 17.302568647473326
7 19.005684528300364 44.50767830005697
8 0.9509188356970844 43.30808749157393
9 14.793562460798793 11.215883037461621
10 3.04860248110585 5.669891073388173
11 1.142963239052086 44.59461866425236
12 11.628706960643203 19.839257237399327
13 17.118372784954815 34.766476874058704
14 23.327412902704165 13.130309863546547
15 44.99921187152719 3.581298302757835
16 26.779707537965123 6.013473306634298
17 9.117860118007243 28.58389885862813
18 2.9509502436943724 19.71931013373795
19 19.08813308051033 6.587841885826629
20 44.150014715712246 23.20995163469271
21 5.812230488153319 19.951156988101086
22 46.72230817420957 7.420286256024639
23 1.7382795039877663 20.388997746594384
24 34.75325017410861 38.39446572874346
25 49.849412059412536 2.000439631954837
26 48.144064733332456 10.995199911178366
27 37.65150376506128 6.283370975742758
28 26.044648805210823 1.0152501913483547
29 12.827539372558938 20.759680171175642
30 34.12767754326489 11.260391587677866